100
7937 7950
8441 8448
5255 5266
2529 2545
834 837
5909 5917
5099 5110
9995 9996
1114 1131
4744 4764
9320 9338
1718 1723
1041 1046
8272 8287
5444 5446
8540 8555
3383 3394
7188 7199
4814 4827
8132 8136
5329 5337
9848 9863
7039 7046
7810 7816
2392 2396
2948 2964
6958 6974
8570 8582
9975 9995
7650 7663
2108 2117
8881 8884
3257 3273
8834 8850
3266 3281
6539 6553
1801 1808
8355 8356
3326 3344
256 265
8711 8712
870 872
5808 5827
1709 1730
2949 2963
5213 5229
3411 3431
5647 5658
1260 1261
1647 1651
5796 5816
8393 8398
5049 5058
4379 4396
3803 3820
5977 5979
2865 2870
7641 7644
2065 2073
5671 5681
4232 4248
3234 3241
7833 7846
3374 3384
1283 1304
5115 5126
8900 8916
8404 8408
6843 6846
2647 2657
2369 2372
9868 9875
1585 1596
9253 9267
6970 6975
2109 2130
4057 4066
2924 2942
3616 3630
2815 2816
2778 2779
2788 2799
4190 4206
8575 8584
1089 1106
498 505
4247 4250
474 491
2676 2683
7093 7106
29 43
9281 9299
7074 7089
8634 8644
9569 9579
6869 6884
4073 4093
2121 2122
8549 8566
9208 9224